Round: 1
[0.33771583749597345, 0.16885791874798672, 0.09804653346657294, 0.09804653346657294, 0.09804653346657294, 0.09804653346657294, 0.09804653346657294, 0.00033771583749597344, 0.00033771583749597344, 0.00033771583749597344, 0.00033771583749597344, 0.0005695039418144578, 0.0006272064666660672, 0.0006460026647106826]
accuracy= 0.13701125979423523, loss = 2.6274006366729736
accuracy_per_class: [0.11406666 0.         0.001      0.         0.875      0.
 0.0890538  0.         0.         0.         0.001      0.
 0.         0.         0.        ]

Round: 2
[0.153440970544547, 0.09581229213403111, 0.056842307360847964, 0.06898087605087587, 0.0678772068128803, 0.059660371534673975, 0.07010249072069002, 0.00030875194380770935, 0.0003112145633899237, 0.00030769027945235395, 0.00030967957845230064, 0.0005205000963480529, 0.0005763120729875047, 0.0005897059620445195]
accuracy= 0.39778000116348267, loss = 2.646855115890503
accuracy_per_class: [0.59098733 0.         0.         0.         0.871      0.04971319
 0.22820037 0.         0.5        0.25       0.         0.
 0.         0.         0.75      ]

Round: 3
[0.1149419296015709, 0.05436520473569068, 0.03872207741608436, 0.05611357090152877, 0.05093771072705324, 0.040641797148952656, 0.05611357090152876, 0.00028271152891422595, 0.000286474424346063, 0.00028033422646516084, 0.000283891949995099, 0.00047615875033239216, 0.0005293835671738198, 0.0005391168023269259]
accuracy= 0.5454771518707275, loss = 2.700998544692993
accuracy_per_class: [0.9211391  0.         0.         0.         0.651      0.05353728
 0.0296846  0.         1.         0.25       0.         0.
 0.         0.         0.        ]

Round: 4
[0.11367186677848719, 0.03746855775525958, 0.03306070459588412, 0.05363578187970787, 0.04714293531085986, 0.03306070459588412, 0.052777625490503965, 0.00025876674210290014, 0.0002641262082745399, 0.0002569331448082285, 0.0002606568608631141, 0.0004375170673945642, 0.0004946258351561425, 0.0005014260727030693]
accuracy= 0.5292412042617798, loss = 2.706005334854126
accuracy_per_class: [0.99968706 0.         0.         0.         0.         0.
 0.         0.         0.         0.         0.         0.
 0.         0.         0.        ]

Round: 5
[0.10285455843917392, 0.02885810868084982, 0.031095249466047047, 0.053463043430128795, 0.045499452395580536, 0.02145778123759097, 0.033167524322821704, 0.00023733735622800384, 0.00024409028595862782, 0.00023568180314799799, 0.00023965605847940094, 0.0004079680093640412, 0.0004686325270578764, 0.00047125273411383707]
accuracy= 0.5294069051742554, loss = 2.706743001937866
accuracy_per_class: [1. 0. 0. 0. 0. 0. 0. 0. 0. 0. 0. 0. 0. 0. 0.]

Round: 6
[0.09306665309133084, 0.019344168739448737, 0.02410010815690871, 0.035837349733289316, 0.030499195024401925, 0.014383580907004657, 0.022232856430962032, 0.0002173925712963945, 0.0002254113786819822, 0.00021713909993867854, 0.0002286147161797084, 0.0003925063900956716, 0.00044949036793834226, 0.00044313048375002216]
accuracy= 0.5294069051742554, loss = 2.707158327102661
accuracy_per_class: [1. 0. 0. 0. 0. 0. 0. 0. 0. 0. 0. 0. 0. 0. 0.]

Round: 7
[0.062384443184563765, 0.012966784079948453, 0.016154785609202933, 0.0240224939230138, 0.02044422181280704, 0.009641602615740704, 0.01490312934630623, 0.0001995668511812828, 0.00020796536431982009, 0.00020066749658458681, 0.0002050171603460306, 0.00030582464089672984, 0.00044093729627899393, 0.0004370506984768535]
accuracy= 0.5294069051742554, loss = 2.707475423812866
accuracy_per_class: [1. 0. 0. 0. 0. 0. 0. 0. 0. 0. 0. 0. 0. 0. 0.]

Round: 8
[0.04181754282738451, 0.008691895301405243, 0.010828876633256794, 0.016102759232365475, 0.013704171706723636, 0.0064629595092406495, 0.009989866349491078, 0.00018112816204064378, 0.00019335699836988554, 0.00019940062203635745, 0.00016465814444571565, 0.00020379399756592946, 0.00031895434434216127, 0.0003377630531133736]
accuracy= 0.5294069051742554, loss = 2.7076797485351562
accuracy_per_class: [1. 0. 0. 0. 0. 0. 0. 0. 0. 0. 0. 0. 0. 0. 0.]

Round: 9
[0.028031137233149702, 0.005826351658574919, 0.007258813083318953, 0.010794002309940041, 0.009186181009331293, 0.0043322513157606655, 0.006696407671280744, 0.00014093741834977195, 0.0001897600632071709, 0.0001869141320287357, 0.00012465353171837862, 0.0001360834860839219, 0.0002148408122287772, 0.0002279544597245994]
accuracy= 0.5294069051742554, loss = 2.7077951431274414
accuracy_per_class: [1. 0. 0. 0. 0. 0. 0. 0. 0. 0. 0. 0. 0. 0. 0.]

Round: 10
[0.01878983320055623, 0.0039055203119957634, 0.004865727920174461, 0.007235436125307805, 0.006157681277066668, 0.0029039949014186485, 0.0044887362984863165, 0.00010157687904821285, 0.00017354329883065772, 0.00016572271275765017, 8.994558122766293e-05, 9.159628404688871e-05, 0.00014297573089456305, 0.00015346966278005959]
accuracy= 0.5294069051742554, loss = 2.7078821659088135
accuracy_per_class: [1. 0. 0. 0. 0. 0. 0. 0. 0. 0. 0. 0. 0. 0. 0.]

Round: 11
[0.012595201855998836, 0.0026179485553301245, 0.0032615949634482405, 0.004850057876604256, 0.004127617197116123, 0.0019466059960062104, 0.003008889922243193, 8.547811777689114e-05, 0.00017297539768154803, 0.00014817990016696052, 6.927181949576938e-05, 6.124945004135036e-05, 9.544477298135365e-05, 0.00010423837726034747]
accuracy= 0.5294069051742554, loss = 2.707909107208252
accuracy_per_class: [1. 0. 0. 0. 0. 0. 0. 0. 0. 0. 0. 0. 0. 0. 0.]

Round: 12
[0.00844281628794131, 0.0017548633961278245, 0.002186312486048234, 0.00325109101912088, 0.0027668245495883763, 0.0013048490208561344, 0.0020169192311942285, 8.321033339377538e-05, 0.0001671559406518541, 0.0001429800138658312, 5.498072101815799e-05, 4.124564128561789e-05, 6.421000205626157e-05, 7.561380983748145e-05]
accuracy= 0.5294069051742554, loss = 2.7079405784606934
accuracy_per_class: [1. 0. 0. 0. 0. 0. 0. 0. 0. 0. 0. 0. 0. 0. 0.]

Round: 13
[0.0056593890028032645, 0.0011763201124786616, 0.0014655290862961453, 0.002179271481603162, 0.0018546579594526174, 0.0008746664557298429, 0.0013519813919042815, 7.901591965573113e-05, 0.00016057490007914872, 0.00013810830221545054, 4.06674109791432e-05, 2.8046934673191453e-05, 4.5291930978617484e-05, 5.715254592131935e-05]
accuracy= 0.5294069051742554, loss = 2.7079710960388184
accuracy_per_class: [1. 0. 0. 0. 0. 0. 0. 0. 0. 0. 0. 0. 0. 0. 0.]

Round: 14
[0.0037936018968926753, 0.0007885109519493448, 0.0009823735245926006, 0.0014608093598723873, 0.0012432144087606435, 0.0005863064588706578, 0.0009062602288606057, 7.169942051576717e-05, 0.00015466484738231478, 0.00013435460718503792, 3.3738825436051204e-05, 1.889931628505079e-05, 3.288068459106849e-05, 3.9564163140119194e-05]
accuracy= 0.5294069051742554, loss = 2.7079713344573975
accuracy_per_class: [1. 0. 0. 0. 0. 0. 0. 0. 0. 0. 0. 0. 0. 0. 0.]

Round: 15
[0.0025429273981659867, 0.0005285546976102906, 0.0006585046662291053, 0.0009792097973589514, 0.0008333515397126047, 0.000393012972501172, 0.0006074843983301103, 5.5545632425288785e-05, 0.0001460305846097263, 0.0001157236309171339, 2.274812198938964e-05, 1.2631850980477318e-05, 2.211575491449846e-05, 2.6704477820991236e-05]
accuracy= 0.5294069051742554, loss = 2.708000898361206
accuracy_per_class: [1. 0. 0. 0. 0. 0. 0. 0. 0. 0. 0. 0. 0. 0. 0.]

Round: 16
[0.0017045752106039126, 0.0003543008092344834, 0.00044140887818137713, 0.0006563839564442014, 0.0005586122424640241, 0.0002634444738195891, 0.0004072089698545722, 4.7872357238424794e-05, 0.0001401176924596806, 0.00011415917589217205, 1.8838959315210784e-05, 8.472937410041234e-06, 1.486598992353175e-05, 1.8055297361916255e-05]
accuracy= 0.5294069051742554, loss = 2.708000898361206
accuracy_per_class: [1. 0. 0. 0. 0. 0. 0. 0. 0. 0. 0. 0. 0. 0. 0.]

Round: 17
[0.0011426109336432242, 0.00023749493475652318, 0.0002958852195430806, 0.00043998732390073216, 0.00037444898408455635, 0.00017659211181858173, 0.0002729603354190421, 4.2062194822335535e-05, 0.00013499057320850394, 0.00010132888428152271, 1.4073032519783521e-05, 5.699301468367414e-06, 9.970113087459225e-06, 1.271862180417503e-05]
accuracy= 0.5294069051742554, loss = 2.7080016136169434
accuracy_per_class: [1. 0. 0. 0. 0. 0. 0. 0. 0. 0. 0. 0. 0. 0. 0.]

Round: 18
[0.0007659150136405509, 0.00015919761559922378, 0.00019833779398538304, 0.0002949323232122365, 0.0002510006602495582, 0.00011837323252376248, 0.00018297078460399583, 4.009089896733716e-05, 0.00012813620949967932, 9.078396119409649e-05, 1.0707908658497665e-05, 3.865358067306081e-06, 6.697663101474412e-06, 8.619378654904852e-06]
accuracy= 0.5294069051742554, loss = 2.70803165435791
accuracy_per_class: [1. 0. 0. 0. 0. 0. 0. 0. 0. 0. 0. 0. 0. 0. 0.]

Round: 19
[0.0005134081872029214, 0.0001067133530172357, 0.0001329497991948891, 0.00019769904847302444, 0.0001682507741334597, 7.934795067471591e-05, 0.00012264898475892753, 3.476439710714121e-05, 0.00012773818438213206, 8.281372117736199e-05, 7.513943239140137e-06, 2.6262187073721623e-06, 4.706341975010548e-06, 6.040180155890071e-06]
accuracy= 0.5294069051742554, loss = 2.708031415939331
accuracy_per_class: [1. 0. 0. 0. 0. 0. 0. 0. 0. 0. 0. 0. 0. 0. 0.]

Round: 20
[0.0003441477996809364, 7.153209970713086e-05, 8.911891551674707e-05, 0.00013252163527363985, 0.00011278186666267266, 5.3188521949109204e-05, 8.221407310982873e-05, 3.04299431842476e-05, 0.00012074119799598617, 7.635332361121452e-05, 6.207168494814523e-06, 1.769667115593418e-06, 3.1766395801113177e-06, 4.123102786851116e-06]
accuracy= 0.5294069051742554, loss = 2.7080321311950684
accuracy_per_class: [1. 0. 0. 0. 0. 0. 0. 0. 0. 0. 0. 0. 0. 0. 0.]

Round: 21
[0.00023068916892518925, 4.7949400368709903e-05, 5.973819555183215e-05, 8.883190865734447e-05, 7.559994605330807e-05, 3.56533324814945e-05, 5.510974127175781e-05, 2.2558089527956226e-05, 0.0001151528651703649, 7.207883353898866e-05, 4.2168723549426965e-06, 1.1894706277648215e-06, 2.137289173935917e-06, 2.758516737892399e-06]
accuracy= 0.5294069051742554, loss = 2.7080321311950684
accuracy_per_class: [1. 0. 0. 0. 0. 0. 0. 0. 0. 0. 0. 0. 0. 0. 0.]

Round: 22
[0.00015463557433385624, 3.2141444262534925e-05, 4.004370999239015e-05, 5.954580910062485e-05, 5.067615931874532e-05, 2.3899143470319347e-05, 3.694116430629687e-05, 1.6970602954685697e-05, 0.00010925115645000723, 6.488352843890491e-05, 2.8935455027347833e-06, 7.996449949201028e-07, 1.4305997989028546e-06, 1.8439870245843653e-06]
accuracy= 0.5294069051742554, loss = 2.7080321311950684
accuracy_per_class: [1. 0. 0. 0. 0. 0. 0. 0. 0. 0. 0. 0. 0. 0. 0.]

Round: 23
[0.00010365532530621805, 2.1545054397714348e-05, 2.684210152553676e-05, 3.991474949756024e-05, 3.3969245447450755e-05, 1.6020074951236816e-05, 2.4762402958407033e-05, 1.1639762747951168e-05, 0.00010527103183145948, 4.9646462075731226e-05, 2.009470902199203e-06, 5.352151980792723e-07, 9.603459591641172e-07, 1.2355361655657158e-06]
accuracy= 0.5294069051742554, loss = 2.7080256938934326
accuracy_per_class: [1. 0. 0. 0. 0. 0. 0. 0. 0. 0. 0. 0. 0. 0. 0.]

Round: 24
[6.948224243110325e-05, 1.4442081855716236e-05, 1.7992798730291105e-05, 2.675565672070559e-05, 2.277026617213112e-05, 1.0738577378807455e-05, 1.6598735091032454e-05, 8.086571665105687e-06, 0.00010071714748915292, 3.532313786246954e-05, 1.387008481341507e-06, 3.591690283084917e-07, 6.464681386233701e-07, 8.340339381599267e-07]
accuracy= 0.5294069051742554, loss = 2.7080256938934326
accuracy_per_class: [1. 0. 0. 0. 0. 0. 0. 0. 0. 0. 0. 0. 0. 0. 0.]

Round: 25
[4.6575339945076585e-05, 9.680816974374179e-06, 1.2060933673198727e-05, 1.7934853044737134e-05, 1.5263365868746692e-05, 7.198283682919488e-06, 1.1126464870354255e-05, 5.909035675141798e-06, 9.603425729327063e-05, 2.88655640598288e-05, 9.556622053736983e-07, 2.4243311164652134e-07, 4.349082638440937e-07, 5.640227058636941e-07]
accuracy= 0.5294069051742554, loss = 2.7080256938934326
accuracy_per_class: [1. 0. 0. 0. 0. 0. 0. 0. 0. 0. 0. 0. 0. 0. 0.]

Round: 26
[3.1220384016109286e-05, 6.489245679925098e-06, 8.084685615051363e-06, 1.2022091518590621e-05, 1.023134011179709e-05, 4.8251538497121825e-06, 7.4582924441097885e-06, 3.990320444411256e-06, 9.232510549859152e-05, 2.1542726523350983e-05, 6.481529587956638e-07, 1.6247732878498252e-07, 2.901773036120098e-07, 3.7675217495564494e-07]
accuracy= 0.5294069051742554, loss = 2.708026647567749
accuracy_per_class: [1. 0. 0. 0. 0. 0. 0. 0. 0. 0. 0. 0. 0. 0. 0.]

Round: 27
[2.0927649250928713e-05, 4.349871462903965e-06, 5.419326833664901e-06, 8.058648940186335e-06, 6.858272374746108e-06, 3.2343973506681123e-06, 4.999442934482934e-06, 3.113194419140183e-06, 8.835578273793767e-05, 1.6840058284452722e-05, 4.427545736762512e-07, 1.089424229409918e-07, 1.9553789652876437e-07, 2.514465747921827e-07]
accuracy= 0.5294069051742554, loss = 2.708026647567749
accuracy_per_class: [1. 0. 0. 0. 0. 0. 0. 0. 0. 0. 0. 0. 0. 0. 0.]

Round: 28
[1.4028222809300248e-05, 2.9158060392628996e-06, 3.6326834126244318e-06, 5.40187392857076e-06, 4.597237453964765e-06, 2.168081380997399e-06, 3.3512268179951523e-06, 2.1157876106320144e-06, 8.508961495022095e-05, 1.295789078742481e-05, 3.010718421496938e-07, 7.363773122745927e-08, 1.312488957493895e-07, 1.7093069737137916e-07]
accuracy= 0.5294069051742554, loss = 2.7080259323120117
accuracy_per_class: [1. 0. 0. 0. 0. 0. 0. 0. 0. 0. 0. 0. 0. 0. 0.]

Round: 29
[9.403398959328347e-06, 1.954523238469702e-06, 2.4350605123833126e-06, 3.6209843804782715e-06, 3.0816204217784264e-06, 1.453308411119189e-06, 2.2463945149143797e-06, 1.4557747918112657e-06, 8.039747697048264e-05, 9.528244684713491e-06, 2.0621193641206014e-07, 4.930076731930917e-08, 8.811503549169478e-08, 1.1527442355293606e-07]
accuracy= 0.5294069051742554, loss = 2.708026647567749
accuracy_per_class: [1. 0. 0. 0. 0. 0. 0. 0. 0. 0. 0. 0. 0. 0. 0.]

Round: 30
[6.30328682330846e-06, 1.3101561071887377e-06, 1.6322698747603495e-06, 2.4272184166165258e-06, 2.0656719429908812e-06, 9.741817610453967e-07, 1.5058032746516147e-06, 1.0368683227855628e-06, 7.62092481333828e-05, 7.386055731960781e-06, 1.4043402080820378e-07, 3.2979250012675174e-08, 5.901654022309916e-08, 7.742693246986115e-08]
accuracy= 0.5294069051742554, loss = 2.708026647567749
accuracy_per_class: [1. 0. 0. 0. 0. 0. 0. 0. 0. 0. 0. 0. 0. 0. 0.]

Round: 31
[4.225219513575966e-06, 8.782239020846287e-07, 1.0941432175919447e-06, 1.6270131607649412e-06, 1.384661311920176e-06, 6.530135629110305e-07, 1.0093701203850869e-06, 7.125097118714069e-07, 7.249248010772752e-05, 5.943936500712136e-06, 9.535689901535946e-08, 2.2073540058614887e-08, 3.9617156363761304e-08, 5.235507227712089e-08]
accuracy= 0.5294069051742554, loss = 2.708026647567749
accuracy_per_class: [1. 0. 0. 0. 0. 0. 0. 0. 0. 0. 0. 0. 0. 0. 0.]

Round: 32
[2.832249338850923e-06, 5.886910864749671e-07, 7.334261319858149e-07, 1.0906195368245465e-06, 9.28166234350101e-07, 4.377280815524188e-07, 6.766010255635302e-07, 5.070305909827679e-07, 6.852163224524082e-05, 4.403621188382603e-06, 6.472365027225629e-08, 1.4818532687184885e-08, 2.6641250103958928e-08, 3.5300377422057284e-08]
accuracy= 0.5294069051742554, loss = 2.70802640914917
accuracy_per_class: [1. 0. 0. 0. 0. 0. 0. 0. 0. 0. 0. 0. 0. 0. 0.]

Round: 33
[1.8985135072029598e-06, 3.946114361866705e-07, 4.916302385564724e-07, 7.310641381315976e-07, 6.221684329382857e-07, 2.9341790777730945e-07, 4.5353923060350635e-07, 3.508466165754885e-07, 6.553562670943047e-05, 3.3644366266435985e-06, 4.4104910118434325e-08, 9.902497248794322e-09, 1.774428924888576e-08, 2.3938238153889567e-08]
accuracy= 0.5294069051742554, loss = 2.708026647567749
accuracy_per_class: [1. 0. 0. 0. 0. 0. 0. 0. 0. 0. 0. 0. 0. 0. 0.]

Round: 34
[1.2726116615475712e-06, 2.645159560708387e-07, 3.295496041416869e-07, 4.900469467273775e-07, 4.1705197260911325e-07, 1.9668390544896705e-07, 3.040164379371108e-07, 2.5403200503028685e-07, 6.246074932378363e-05, 2.4724386806914876e-06, 3.210155409532719e-08, 6.612394686042828e-09, 1.20350833047885e-08, 1.5886786442138777e-08]
accuracy= 0.5294069051742554, loss = 2.70802640914917
accuracy_per_class: [1. 0. 0. 0. 0. 0. 0. 0. 0. 0. 0. 0. 0. 0. 0.]

Round: 35
[8.530571075540594e-07, 1.7731034785056577e-07, 2.2090370581928226e-07, 3.284882918899202e-07, 2.7955829747859496e-07, 1.3184116455502091e-07, 2.0378831267359521e-07, 1.8187026319380328e-07, 5.868622474044724e-05, 1.9464024883309445e-06, 2.1751488992606125e-08, 4.430760041005456e-09, 8.14514061957089e-09, 1.0640181600608356e-08]
accuracy= 0.5294069051742554, loss = 2.70802640914917
accuracy_per_class: [1. 0. 0. 0. 0. 0. 0. 0. 0. 0. 0. 0. 0. 0. 0.]

Round: 36
[5.718212796066664e-07, 1.1885468053378647e-07, 1.480761822542246e-07, 2.2019228694181982e-07, 1.8739353083549674e-07, 8.837577549391393e-08, 1.366033911328896e-07, 1.254845288024128e-07, 5.586439679938384e-05, 1.5479434495463593e-06, 1.4967016681472942e-08, 2.9808989046416715e-09, 5.437925069500731e-09, 7.133843158742043e-09]
accuracy= 0.5294069051742554, loss = 2.708056926727295
accuracy_per_class: [1. 0. 0. 0. 0. 0. 0. 0. 0. 0. 0. 0. 0. 0. 0.]

Round: 37
[3.8330326647009877e-07, 7.967067492695896e-08, 9.925843330543357e-08, 1.4759930391953337e-07, 1.2561364021643118e-07, 5.924005389751571e-08, 9.156799143282301e-08, 8.479041372486247e-08, 5.296007875584964e-05, 1.2953236561757822e-06, 1.0333064503889479e-08, 2.000029172474544e-09, 3.64928952915758e-09, 4.778909971054162e-09]
accuracy= 0.5294069051742554, loss = 2.708026647567749
accuracy_per_class: [1. 0. 0. 0. 0. 0. 0. 0. 0. 0. 0. 0. 0. 0. 0.]

Round: 38
[2.569358632258475e-07, 5.3404850484729585e-08, 6.653491758272366e-08, 9.893877219816993e-08, 8.420134109258239e-08, 3.9709795655736486e-08, 6.137986023264094e-08, 6.02407584226924e-08, 5.144343359178981e-05, 9.637666602010782e-07, 7.002682751063862e-09, 1.3438033725436281e-09, 2.4484644668975788e-09, 3.1948997913834764e-09]
accuracy= 0.5294069051742554, loss = 2.708056926727295
accuracy_per_class: [1. 0. 0. 0. 0. 0. 0. 0. 0. 0. 0. 0. 0. 0. 0.]

Round: 39
[1.7222925966575685e-07, 3.5798341835450374e-08, 4.459968901702879e-08, 6.63206423345869e-08, 5.64418468374424e-08, 2.661827205201911e-08, 4.1144150736804986e-08, 4.251230843824021e-08, 4.8703972689144295e-05, 7.441052970976848e-07, 4.8040532193051894e-09, 8.999348253126507e-10, 1.6229000394899474e-09, 2.1411502250400995e-09]
accuracy= 0.5294069051742554, loss = 2.708056926727295
accuracy_per_class: [1. 0. 0. 0. 0. 0. 0. 0. 0. 0. 0. 0. 0. 0. 0.]

Round: 40
[1.1544872526783421e-07, 2.399634614713865e-08, 2.989606559506994e-08, 4.4456056022833456e-08, 3.783410137041089e-08, 1.7842761347298622e-08, 2.75797490159924e-08, 3.005794402834033e-08, 4.6174480865172336e-05, 5.710405947624888e-07, 3.3630519677063222e-09, 6.000315726112452e-10, 1.093940484132939e-09, 1.4366292759747401e-09]
accuracy= 0.5294069051742554, loss = 2.708056926727295
accuracy_per_class: [1. 0. 0. 0. 0. 0. 0. 0. 0. 0. 0. 0. 0. 0. 0.]

Round: 41
[7.73875948362905e-08, 1.6085231854037115e-08, 2.0039932065971774e-08, 2.9799785519788683e-08, 2.5360956572330875e-08, 1.1960360607724138e-08, 1.8487258630051404e-08, 2.1864169177275933e-08, 4.3771497430562423e-05, 4.1894434892540866e-07, 2.301267349661184e-09, 4.0161073855158996e-10, 7.344260234328414e-10, 9.610589322229153e-10]
accuracy= 0.5294069051742554, loss = 2.708056926727295
accuracy_per_class: [1. 0. 0. 0. 0. 0. 0. 0. 0. 0. 0. 0. 0. 0. 0.]

Round: 42
[5.1874456133249656e-08, 1.0782253356892091e-08, 1.3433168185013285e-08, 1.997539360147693e-08, 1.699995757707268e-08, 8.017269473172491e-09, 1.2392380055968827e-08, 1.5478628609978822e-08, 4.240240518433948e-05, 3.092085182601503e-07, 1.568336558010765e-09, 2.6850246835220695e-10, 4.968420081038705e-10, 6.495101705260487e-10]
accuracy= 0.5294069051742554, loss = 2.708056926727295
accuracy_per_class: [1. 0. 0. 0. 0. 0. 0. 0. 0. 0. 0. 0. 0. 0. 0.]

Round: 43
[3.4772487823313664e-08, 7.227560566559833e-09, 9.004521916182591e-09, 1.338990675852203e-08, 1.1395412345667275e-08, 5.37413644233711e-09, 8.306860769608163e-09, 1.1374217573478055e-08, 4.028067166822506e-05, 2.390921919134158e-07, 1.0569092477638481e-09, 1.796456689879177e-10, 3.3342135366818267e-10, 4.4045220705518003e-10]
accuracy= 0.5294069051742554, loss = 2.708056926727295
accuracy_per_class: [1. 0. 0. 0. 0. 0. 0. 0. 0. 0. 0. 0. 0. 0. 0.]

Round: 44
[2.3308695638497323e-08, 4.8447787317017585e-09, 6.035911545384437e-09, 8.975522914785406e-09, 7.63857332814278e-09, 3.6023913874292184e-09, 5.56825529349539e-09, 7.627331440335645e-09, 3.801930072190796e-05, 1.7319268399112466e-07, 7.230204260636233e-10, 1.2122376130085124e-10, 2.2423815892811774e-10, 2.953694786871961e-10]
accuracy= 0.5294069051742554, loss = 2.708056926727295
accuracy_per_class: [1. 0. 0. 0. 0. 0. 0. 0. 0. 0. 0. 0. 0. 0. 0.]

Round: 45
[1.562428593342823e-08, 3.2475523024668093e-09, 4.045992504969143e-09, 6.0164729334328885e-09, 5.120288824967275e-09, 2.414755160659944e-09, 3.732513144674022e-09, 5.595175599738424e-09, 3.592278394974112e-05, 1.3009872882910743e-07, 4.939790062951496e-10, 8.169380755652727e-11, 1.5015632383794219e-10, 1.9801312529399998e-10]
accuracy= 0.5294069051742554, loss = 2.708056926727295
accuracy_per_class: [1. 0. 0. 0. 0. 0. 0. 0. 0. 0. 0. 0. 0. 0. 0.]

Round: 46
[1.0473272066169603e-08, 2.1768994088926982e-09, 2.7121098821907675e-09, 4.032962413710912e-09, 3.432232240867833e-09, 1.6186587904583714e-09, 2.5019783829665194e-09, 4.203679866304175e-09, 3.390794992491976e-05, 9.201068526310663e-08, 3.3421041508013753e-10, 5.4617536017902153e-11, 1.0048676932258826e-10, 1.3318430777370694e-10]
accuracy= 0.5294069051742554, loss = 2.708056926727295
accuracy_per_class: [1. 0. 0. 0. 0. 0. 0. 0. 0. 0. 0. 0. 0. 0. 0.]

Round: 47
[7.020444213538584e-09, 1.4592193119839094e-09, 1.8179816210838276e-09, 2.7033755508187012e-09, 2.3006940737035316e-09, 1.0850194349360479e-09, 1.6771262648502917e-09, 2.8231383932090264e-09, 3.209872049037662e-05, 7.046967590831444e-08, 2.2648068252484917e-10, 3.667989318432612e-11, 6.718477233504866e-11, 8.944704497547197e-11]
accuracy= 0.5294069051742554, loss = 2.708056926727295
accuracy_per_class: [1. 0. 0. 0. 0. 0. 0. 0. 0. 0. 0. 0. 0. 0. 0.]

Round: 48
[4.705944488409821e-09, 9.78143956385148e-10, 1.2186295239368574e-09, 1.8121268236764137e-09, 1.5422013573988739e-09, 7.273102775758949e-10, 1.1242113550620273e-09, 2.071657825573706e-09, 3.08401117309847e-05, 5.48726919238471e-08, 1.5389503702696234e-10, 2.4566545245137073e-11, 4.52355504205712e-11, 6.034167428104348e-11]
accuracy= 0.5294069051742554, loss = 2.708056926727295
accuracy_per_class: [1. 0. 0. 0. 0. 0. 0. 0. 0. 0. 0. 0. 0. 0. 0.]

Round: 49
[3.1544889261120347e-09, 6.556695018735749e-10, 8.168717985857435e-10, 1.2147049358691905e-09, 1.0337684848878387e-09, 4.875306587468675e-10, 7.535814072789666e-10, 1.3991279665431106e-09, 2.950437059829383e-05, 4.25879501461331e-08, 1.0507345317856124e-10, 1.653392064160647e-11, 3.029415170545179e-11, 4.079790961513338e-11]
accuracy= 0.5294069051742554, loss = 2.708056926727295
accuracy_per_class: [1. 0. 0. 0. 0. 0. 0. 0. 0. 0. 0. 0. 0. 0. 0.]

Round: 50
[2.1145171621703338e-09, 4.395084106800594e-10, 5.475655416332111e-10, 8.142410685315541e-10, 6.929557383802091e-10, 3.268015736149858e-10, 5.051407236188387e-10, 9.609114362103212e-10, 2.8129425849082134e-05, 3.385824134528344e-08, 7.273122287808392e-11, 1.110796627260838e-11, 2.024401819338931e-11, 2.7368007210534447e-11]
accuracy= 0.5294069051742554, loss = 2.708056926727295
accuracy_per_class: [1. 0. 0. 0. 0. 0. 0. 0. 0. 0. 0. 0. 0. 0. 0.]

Round: 51
[1.4174032414891675e-09, 2.946112980801081e-10, 3.6704415907510385e-10, 5.458021105421795e-10, 4.6450212245168225e-10, 2.1906164587011664e-10, 3.3860595311065616e-10, 6.52401423117737e-10, 2.6903614108288994e-05, 2.541241828894833e-08, 4.977124595658562e-11, 7.489268021841713e-12, 1.3626092173644246e-11, 1.8333630223707948e-11]
accuracy= 0.5294069051742554, loss = 2.708056926727295
accuracy_per_class: [1. 0. 0. 0. 0. 0. 0. 0. 0. 0. 0. 0. 0. 0. 0.]

Round: 52
[9.501138060860832e-10, 1.974838588916775e-10, 2.4603705760833614e-10, 3.6586209586498286e-10, 3.1136508410546383e-10, 1.468414125442995e-10, 2.2697435807707657e-10, 4.553673636359032e-10, 2.5425704163145678e-05, 1.951931826333965e-08, 3.43100194577271e-11, 5.004709814886516e-12, 9.14893397208067e-12, 1.2361439651686735e-11]
accuracy= 0.5294069051742554, loss = 2.708056926727295
accuracy_per_class: [1. 0. 0. 0. 0. 0. 0. 0. 0. 0. 0. 0. 0. 0. 0.]

Round: 53
[6.368803302347198e-10, 1.3237738938356497e-10, 1.6492357178249312e-10, 2.4524469694291083e-10, 2.0871425751146523e-10, 9.843074241663315e-11, 1.5214546215513565e-10, 3.37550651122248e-10, 2.408645231930192e-05, 1.5227863094579684e-08, 2.3491993424532237e-11, 3.3597898563092802e-12, 6.120071590866396e-12, 8.340896286140076e-12]
accuracy= 0.5294069051742554, loss = 2.708056926727295
accuracy_per_class: [1. 0. 0. 0. 0. 0. 0. 0. 0. 0. 0. 0. 0. 0. 0.]

Round: 54
[4.2691365228213057e-10, 8.873521774566903e-11, 1.1055157622960285e-10, 1.643924365447684e-10, 1.3990535070337965e-10, 6.598009978803969e-11, 1.0198615319594414e-10, 2.3045345058459522e-10, 2.3016355532603593e-05, 1.2318119641333158e-08, 1.600646974156073e-11, 2.2376229664162062e-12, 4.0914161949792275e-12, 5.629824118649229e-12]
accuracy= 0.5294069051742554, loss = 2.708056926727295
accuracy_per_class: [1. 0. 0. 0. 0. 0. 0. 0. 0. 0. 0. 0. 0. 0. 0.]

Round: 55
[2.861687790510007e-10, 5.948099524425934e-11, 7.410493766753987e-11, 1.1019554563260007e-10, 9.378136112412171e-11, 4.4227783527354845e-11, 6.836336290530304e-11, 1.562816762878553e-10, 2.2414432576512444e-05, 9.579514351912144e-09, 1.0937696303520934e-11, 1.5038632950244817e-12, 2.758450538848258e-12, 3.785834261955315e-12]
accuracy= 0.5294069051742554, loss = 2.708056926727295
accuracy_per_class: [1. 0. 0. 0. 0. 0. 0. 0. 0. 0. 0. 0. 0. 0. 0.]

Round: 56
[1.918246691474295e-10, 3.9871303470377564e-11, 4.967402522877351e-11, 7.386628322136688e-11, 6.286352630600618e-11, 2.964676989011079e-11, 4.582533256983385e-11, 1.0699976931826734e-10, 2.1303507749149172e-05, 7.340075600992379e-09, 7.430993934622345e-12, 1.013752165289412e-12, 1.857266521801213e-12, 2.5442012702733425e-12]
accuracy= 0.5294069051742554, loss = 2.708056926727295
accuracy_per_class: [1. 0. 0. 0. 0. 0. 0. 0. 0. 0. 0. 0. 0. 0. 0.]

Round: 57
[1.2858392105367623e-10, 2.6726533977764435e-11, 3.329749487812697e-11, 4.9514050369428216e-11, 4.213868184740469e-11, 1.987282415754707e-11, 3.0717639037809514e-11, 7.54266001285496e-11, 2.043182994873073e-05, 5.457939606738596e-09, 5.172633050146101e-12, 6.827929797305236e-13, 1.2516604719312167e-12, 1.7112385076253754e-12]
accuracy= 0.5294069051742554, loss = 2.708056926727295
accuracy_per_class: [1. 0. 0. 0. 0. 0. 0. 0. 0. 0. 0. 0. 0. 0. 0.]

Round: 58
[8.619237988014327e-11, 1.7915331486348135e-11, 2.2319978299577534e-11, 3.319026052304609e-11, 2.824640315583347e-11, 1.3321152404145119e-11, 2.0590649213930626e-11, 5.8190118799097597e-11, 1.9542546242787687e-05, 4.470817905811907e-09, 3.56458821995772e-12, 4.562769975953713e-13, 8.4152732046914e-13, 1.1489074512874256e-12]
accuracy= 0.5294069051742554, loss = 2.708056926727295
accuracy_per_class: [1. 0. 0. 0. 0. 0. 0. 0. 0. 0. 0. 0. 0. 0. 0.]

Round: 59
[5.777648004917895e-11, 1.200900582667262e-11, 1.4961528881287284e-11, 2.2248096961743117e-11, 1.893413026375952e-11, 8.929435492794324e-12, 1.3802324928985678e-11, 3.9173219056748864e-11, 1.9366376966016196e-05, 3.467398781120537e-09, 2.407536643772012e-12, 3.044507931463367e-13, 5.641508358180745e-13, 7.720203695395131e-13]
accuracy= 0.5294069051742554, loss = 2.708056926727295
accuracy_per_class: [1. 0. 0. 0. 0. 0. 0. 0. 0. 0. 0. 0. 0. 0. 0.]

Round: 60
[3.872873276634283e-11, 8.049877338577451e-12, 1.002901272846804e-11, 1.4913345379601014e-11, 1.2691927070048074e-11, 5.985579610602163e-12, 9.251975081796532e-12, 2.7257443387370512e-11, 1.8461824455700153e-05, 2.7707746092794756e-09, 1.6698188839152943e-12, 2.0346856890748897e-13, 3.7609930855021034e-13, 5.171159061988896e-13]
accuracy= 0.5294069051742554, loss = 2.708056926727295
accuracy_per_class: [1. 0. 0. 0. 0. 0. 0. 0. 0. 0. 0. 0. 0. 0. 0.]

Round: 61
[2.59606459308369e-11, 5.395994148176487e-12, 6.7226482738387096e-12, 9.99671436139954e-12, 8.507653137875602e-12, 4.012254000128826e-12, 6.201784362750439e-12, 1.927105879534852e-11, 1.7608323585369994e-05, 2.103667923977477e-09, 1.1226137112146158e-12, 1.3614649938060664e-13, 2.5163912957252657e-13, 3.461913988385992e-13]
accuracy= 0.5294069051742554, loss = 2.708056926727295
accuracy_per_class: [1. 0. 0. 0. 0. 0. 0. 0. 0. 0. 0. 0. 0. 0. 0.]

Round: 62
[1.7401941375473525e-11, 3.617043045813703e-12, 4.506325900400975e-12, 6.700998030938477e-12, 5.702850443036025e-12, 2.689494286073033e-12, 4.1571803795419826e-12, 1.4009218248909013e-11, 1.6781223362121843e-05, 1.5997527616259212e-09, 7.654550452025292e-13, 9.139863139124923e-14, 1.696036872211184e-13, 2.317386623822626e-13]
accuracy= 0.5294069051742554, loss = 2.708056926727295
accuracy_per_class: [1. 0. 0. 0. 0. 0. 0. 0. 0. 0. 0. 0. 0. 0. 0.]

Round: 63
[1.166487014391691e-11, 2.4245764609827304e-12, 3.0206805850083756e-12, 4.491813308583408e-12, 3.822734971510274e-12, 1.8028219336530642e-12, 2.786641343393038e-12, 9.686867758722457e-12, 1.5991197017161516e-05, 1.2029700629200903e-09, 5.173073359376261e-13, 6.151364398596067e-14, 1.1358322785310935e-13, 1.5639917123474862e-13]
accuracy= 0.5294069051742554, loss = 2.708056926727295
accuracy_per_class: [1. 0. 0. 0. 0. 0. 0. 0. 0. 0. 0. 0. 0. 0. 0.]

Round: 64
[7.819196291870138e-12, 1.6252422049428714e-12, 2.024822748801776e-12, 3.0109525037931276e-12, 2.5624558820848153e-12, 1.2084676815603822e-12, 1.867941553588037e-12, 6.582287088614349e-12, 1.543775567052319e-05, 8.639793223339982e-10, 3.5073328261086926e-13, 4.146237710935269e-14, 7.588614866086882e-14, 1.0432626101231286e-13]
accuracy= 0.5294069051742554, loss = 2.708056926727295
accuracy_per_class: [1. 0. 0. 0. 0. 0. 0. 0. 0. 0. 0. 0. 0. 0. 0.]

Round: 65
[5.241364018328091e-12, 1.0894324296363695e-12, 1.3572792781908163e-12, 2.0183018209537328e-12, 1.7176655448433881e-12, 8.100601119361377e-13, 1.2521186681930168e-12, 4.503623392414995e-12, 1.4643298952462466e-05, 6.593242995905653e-10, 2.459795196017823e-13, 2.7735838104767315e-14, 5.12103012950466e-14, 7.040175176427956e-14]
accuracy= 0.5294069051742554, loss = 2.708056926727295
accuracy_per_class: [1. 0. 0. 0. 0. 0. 0. 0. 0. 0. 0. 0. 0. 0. 0.]

Round: 66
[3.5133913700552296e-12, 7.302683963865696e-13, 9.098115082400873e-13, 1.3529081695355208e-12, 1.1513856470932515e-12, 5.42999531524667e-13, 8.393202433052264e-13, 3.064152903086946e-12, 1.4027761835838753e-05, 5.047146765047046e-10, 1.6655137507042228e-13, 1.8565779468250614e-14, 3.431312748345963e-14, 4.7528912910334845e-14]
accuracy= 0.5294069051742554, loss = 2.708056926727295
accuracy_per_class: [1. 0. 0. 0. 0. 0. 0. 0. 0. 0. 0. 0. 0. 0. 0.]

Round: 67
[2.3550966649166393e-12, 4.895135450842178e-13, 6.098648920872497e-13, 9.068814664850428e-13, 7.717968799643227e-13, 3.639834709689454e-13, 5.626131841310033e-13, 2.0657500451215656e-12, 1.3412740195159981e-05, 3.786890768260167e-10, 1.122646904800846e-13, 1.2440351446606245e-14, 2.3067321999712308e-14, 3.178180674227528e-14]
accuracy= 0.5294069051742554, loss = 2.708056926727295
accuracy_per_class: [1. 0. 0. 0. 0. 0. 0. 0. 0. 0. 0. 0. 0. 0. 0.]

Round: 68
[1.5786685048453022e-12, 3.281307420759219e-13, 4.0880466253944547e-13, 6.07900826363122e-13, 5.173509201078476e-13, 2.4398541701611527e-13, 3.7713089548695175e-13, 1.4800923575899071e-12, 1.2834661731984952e-05, 2.8913165570157406e-10, 7.582821757048712e-14, 8.362487541659396e-15, 1.5553693190525514e-14, 2.1406104776972773e-14]
accuracy= 0.5294069051742554, loss = 2.708056926727295
accuracy_per_class: [1. 0. 0. 0. 0. 0. 0. 0. 0. 0. 0. 0. 0. 0. 0.]

Round: 69
[1.0582131448429168e-12, 2.1995261413404048e-13, 2.740299602130251e-13, 4.074881099128311e-13, 3.467906925832728e-13, 1.6354831596626704e-13, 2.5279839922427536e-13, 1.003834027827455e-12, 1.2134326363282712e-05, 2.2746429243058425e-10, 5.127730640660385e-14, 5.611322884218389e-15, 1.0424876686682672e-14, 1.4367251175348497e-14]
accuracy= 0.5294069051742554, loss = 2.708056926727295
accuracy_per_class: [1. 0. 0. 0. 0. 0. 0. 0. 0. 0. 0. 0. 0. 0. 0.]

Round: 70
[7.093414839666226e-13, 1.4743864643198922e-13, 1.8368777554513941e-13, 2.7314744859574463e-13, 2.3246075301715065e-13, 1.0962971468755941e-13, 1.694558346057522e-13, 7.176420067389892e-13, 1.1593298393687391e-05, 1.7189471571100548e-10, 3.552343874320609e-14, 3.730150180165378e-15, 7.015455704806734e-15, 9.550142524917665e-15]
accuracy= 0.5294069051742554, loss = 2.708056926727295
accuracy_per_class: [1. 0. 0. 0. 0. 0. 0. 0. 0. 0. 0. 0. 0. 0. 0.]

Round: 71
[4.754858161874952e-13, 9.883108026372337e-14, 1.2312959815960205e-13, 1.8309621031721696e-13, 1.558231026639358e-13, 7.348699539623883e-14, 1.1358964285393549e-13, 4.922968813147192e-13, 1.1118316563672839e-05, 1.2085656048464573e-10, 2.4066091108569723e-14, 2.499457632211734e-15, 4.7001752475210376e-15, 6.4255069314131626e-15]
accuracy= 0.5294069051742554, loss = 2.708056926727295
accuracy_per_class: [1. 0. 0. 0. 0. 0. 0. 0. 0. 0. 0. 0. 0. 0. 0.]

Round: 72
[3.187276741960953e-13, 6.624845427213102e-14, 8.253623790669422e-14, 1.2273306012878797e-13, 1.044513493511056e-13, 4.9259806137027626e-14, 7.614141462702186e-14, 3.4999375535716703e-13, 1.0598420477231501e-05, 9.357572862005937e-11, 1.641768941873702e-14, 1.6732404926464825e-15, 3.147372596775954e-15, 4.312183954647226e-15]
accuracy= 0.5294069051742554, loss = 2.708056926727295
accuracy_per_class: [1. 0. 0. 0. 0. 0. 0. 0. 0. 0. 0. 0. 0. 0. 0.]

